
7 1 5 27
4 3 5 21
6 1 2 9
ans: 0,-3,6

1 1 1 6
4 3 1 17
7 -3 -1 16
ans: 3,1,2

3 4 -1 20
4 -5 1 -18
2 2 1 15
ans: 1,5,3


2 4 1 1
1 -2 -3 2
1 1 -1 -1
ans: 5,-3,3

2 -3 1 4 2 -1 10
1 2 -1 1 3 2 5
-3 1 2 -2 -1 4 -8
4 1 -3 3 -2 5 6
2 -3 2 1 1 2 -3
1 1 1 -1 2 -1 1


     0.000    -6.000    -5.000    -4.000    -7.000     0.000    -1.000    -5.000    -2.000
    -9.000     3.000     8.000    -8.000    -6.000    -7.000    -2.000    -1.000    -4.000
     4.000    -5.000     5.000     0.000    -2.000     7.000     1.000    -4.000    -4.000
     9.000    -4.000     6.000    -5.000     2.000     6.000    -1.000     7.000     9.000
     5.000    -3.000    -6.000     9.000    -6.000     6.000     7.000    -5.000     7.000
     6.000    -1.000    -4.000    -7.000    -7.000    -3.000     4.000     3.000     4.000
    -2.000    -9.000     6.000     3.000     6.000    -8.000    -4.000    -9.000     3.000
    -7.000    -4.000    -2.000     8.000    -9.000     1.000     8.000     6.000     4.000


